
insert into edition (isbn, fk_cod_publishing, fk_cod_book, pages, publication_year, price, amount) values 
(9788598078748,200,1,320,'2006','27.99',32),
(9788580579987,219,2,669,'2006','30.99',67),
(9788580579956,3,3,256,'2018','27.99',26),
(9788580579925,6,4,256,'2018','23.99',26),
(9788580579918,5,5,304,'2018','26.99',30),
(9788580579901,1,6,576,'2018','8.99',58),
(9788580579857,13,7,288,'2018','15.99',29),
(9788580579859,14,8,272,'2018','8.99',27),
(9788580579833,15,9,304,'2018','27.99',30),
(9788580579819,16,10,336,'2018','44702',34),
(9788580579734,17,11,240,'2018','8.99',24),
(9788580579703,18,12,192,'2018','44693',19),
(9788580579680,19,13,288,'2018','15.99',29),
(9788580579666,20,14,256,'2018','27.99',26),
(9788580579604,21,15,288,'2018','32.99',29),
(9788580579574,29,16,224,'2018','7.99',22),
(9788580579550,30,17,304,'2018','44693',30),
(9788580579543,31,18,352,'2018','22.99',35),
(9788580579536,32,19,208,'2019','8.99',21),
(9788580579529,33,20,672,'2019','44690',67),
(9788580579519,34,21,208,'2019','44690',21),
(9788580579505,35,22,304,'2019','11.99',30),
(9788580579499,36,23,304,'2019','8.99',30),
(9788580579482,37,24,448,'2019','27.99',45),
(9788580579468,38,25,432,'2019','29.99',43),
(9788580579451,39,26,320,'2019','23.99',32),
(9788580579441,40,27,352,'2019','44690',35),
(9788580579437,41,28,336,'2019','8.99',34),
(9788580579420,42,29,361,'2019','44702',36),
(9788580579413,43,30,192,'2019','44699',19),
(9788580579390,44,31,576,'2020','44693',58),
(9788580579399,45,32,240,'2020','16.99',24),
(9788580579376,46,33,336,'2020','28.99',34),
(9788580579369,47,34,768,'2020','23.99',77),
(9788580579352,48,35,416,'2020','22.99',42),
(9788580579338,49,36,208,'2020','11.99',21),
(9788580579314,50,37,224,'2020','15.99',22),
(9788580579284,51,38,439,'2020','44690',44),
(9788580579253,53,39,352,'2020','15.99',35),
(9788580579246,54,40,224,'2020','8.99',22),
(9788580579241,55,41,387,'2020','19.99',39),
(9788580579222,56,42,304,'2020','8.99',30),
(9788580579192,57,43,336,'2020','8.99',34),
(9788580579178,58,44,392,'2020','27.99',39),
(9788580579154,59,45,384,'2020','44693',38),
(9788580579152,60,46,95,'2021','10.99',10),
(9788580579147,61,47,317,'2021','11.99',32),
(9788580579130,62,48,448,'2021','44690',45),
(9788580579093,63,49,272,'2021','6.99',27),
(9788580579079,64,50,224,'2021','44693',22),
(9788580579055,65,51,160,'2021','20.99',16),
(9788580579048,66,52,96,'2021','44702',10),
(9788580579024,67,53,504,'2021','44699',50),
(9788580579022,68,54,160,'2021','7.99',16),
(9788580579017,69,55,144,'2021','6.99',14),
(9788580579000,70,56,32,'2021','27.99',3),
(9788580578997,71,57,240,'2021','6.99',24),
(9788580578973,72,58,192,'2022','44702',19),
(9788580578966,73,59,304,'2022','7.99',30),
(9788580578942,74,60,622,'2022','8.99',62),
(9788580578944,75,61,304,'2022','7.99',30),
(9788580578935,39,62,544,'2022','44702',54),
(9788580578928,40,63,144,'2022','8.99',14),
(9788580578911,41,64,352,'2022','44690',35),
(9788580578904,42,65,208,'2022','11.99',21),
(9788580578898,43,66,348,'2022','6.99',35),
(9788580578881,44,67,383,'2022','5.99',38),
(9788580578867,45,68,143,'2022','7.99',14),
(9788580578843,46,69,192,'2022','8.99',19),
(9788580578829,47,70,224,'2022','8.99',22),
(9788580578805,48,71,148,'2022','44702',15),
(9788580578782,49,72,208,'2022','8.99',21),
(9788580578768,50,73,224,'2022','23.99',22),
(9788580578744,51,74,336,'2022','29.99',34),
(9788580578737,52,75,264,'2022','44702',26),
(9788580578720,53,76,256,'2022','44702',26),
(9788580578713,54,77,288,'2022','44693',29),
(9788580578690,55,78,288,'2022','16.99',29),
(9788580578676,56,79,0,'2022','44693',0),
(9788580578645,57,80,160,'2022','23.99',16),
(9788580578649,58,81,320,'2022','8.99',32),
(9788580578638,59,82,334,'2022','44702',33),
(9788580578621,220,83,672,'2022','23.99',67),
(9788580578600,221,84,368,'2022','48',37),
(9788580578607,222,85,432,'2022','35.84',43),
(9788580578591,223,86,224,'2022','44693',22),
(9788580578584,224,87,496,'2022','44690',50),
(9788580578560,225,88,496,'2022','22.99',50),
(9788580578555,226,89,500,'2022','44702',50),
(9788580578553,227,90,68,'2022','8.99',7),
(9788580578557,228,91,256,'2022','15.99',26),
(9788580578546,229,92,300,'2022','44699',30),
(9788580578522,230,93,432,'2022','29.99',43),
(9788580578508,231,94,560,'2022','13.46',56),
(9788580578485,232,95,544,'2022','11.99',54),
(9788580578461,233,96,528,'2022','27.99',53),
(9788580578447,234,97,200,'2022','30.99',20),
(9788580578430,235,98,179,'2022','27.99',18),
(9788580578416,236,99,656,'2022','23.99',66),
(9788580578409,237,100,448,'2022','26.99',45),
(9788580578393,238,101,544,'2022','8.99',54),
(9788580578386,239,102,336,'2022','15.99',34),
(9788580578379,240,103,272,'2022','8.99',27),
(9788580578355,241,104,471,'2022','27.99',47),
(9788580578324,242,105,704,'2022','44702',70),
(9788580578317,243,106,811,'2022','8.99',81),
(9788580578300,244,107,256,'2022','44693',26),
(9788580578294,245,108,200,'2022','15.99',20),
(9788580578287,246,109,800,'2022','27.99',80),
(9788580578270,166,110,128,'2022','32.99',13),
(9788580578263,167,111,376,'2022','7.99',38),
(9788580578256,168,112,480,'2022','44693',48),
(9788580578249,169,113,290,'2022','22.99',29),
(9788580578225,170,114,304,'2022','8.99',30),
(9788580578218,171,115,301,'2022','44690',30),
(9788580578201,172,116,320,'2022','44690',32),
(9788580578188,173,117,288,'2022','11.99',29),
(9788580578164,174,118,496,'2022','8.99',50),
(9788580578157,175,119,96,'2022','27.99',10),
(9788580578140,176,120,256,'2022','29.99',26),
(9788580578133,177,121,256,'2022','23.99',26),
(9788580578126,178,122,208,'2022','44690',21),
(9788580578102,179,123,304,'2022','8.99',30),
(9788580578089,180,124,400,'2022','44702',40),
(9788580578065,181,125,320,'2022','44699',32),
(9788580578041,182,126,256,'2022','44693',26),
(9788580578027,183,127,368,'2022','16.99',37),
(9788580577990,184,128,333,'2022','28.99',33),
(9788580577976,185,129,448,'2022','23.99',45),
(9788580577977,186,130,368,'2022','22.99',37),
(9788580577969,36,131,512,'2022','11.99',51),
(9788580577952,37,132,560,'2022','15.99',56),
(9788580577945,38,133,238,'2022','44690',24),
(9788580577938,39,134,288,'2022','15.99',29),
(9788580577921,40,135,288,'2022','8.99',29),
(9788580577914,41,136,312,'2022','19.99',31),
(9788580577907,42,137,272,'2022','8.99',27),
(9788580577891,43,138,320,'2022','8.99',32),
(9788580577884,44,139,368,'2022','27.99',37),
(9788580577877,48,140,272,'2022','44693',27),
(9788580577869,49,141,408,'2022','10.99',41),
(9788580577860,50,142,33,'2022','11.99',3),
(9788580577853,51,143,224,'2022','44690',22),
(9788580577839,52,144,320,'2022','6.99',32),
(9788580577815,53,145,320,'2022','44693',32),
(9788580577792,54,146,320,'2022','20.99',32),
(9788580577785,55,147,208,'2022','44702',21),
(9788580577778,56,148,240,'2022','44699',24),
(9788580577761,57,149,336,'2022','7.99',34),
(9788580577747,58,150,240,'2022','6.99',24),
(9788580577730,59,151,544,'2022','27.99',54),
(9788580577723,220,152,368,'2022','6.99',37),
(9788580577709,221,153,174,'2022','44702',17),
(9788580577686,222,154,320,'2022','7.99',32),
(9788580577679,223,155,272,'2022','8.99',27),
(9788580577655,224,156,368,'2022','7.99',37),
(9788580577648,225,157,240,'2022','44702',24),
(9788580577631,226,158,304,'2022','8.99',30),
(9788580577600,227,159,320,'2022','44690',32),
(9788580577563,228,160,40,'2022','11.99',4),
(9788580577556,229,161,240,'2022','6.99',24),
(9788580577549,230,162,432,'2022','5.99',43),
(9788580577525,231,163,224,'2018','7.99',22),
(9788580577495,232,164,288,'2018','8.99',29),
(9788580577464,233,165,320,'2018','8.99',32),
(9788580577457,234,166,448,'2018','44702',45),
(9788580577440,235,167,33,'2018','8.99',3),
(9788580577419,236,168,320,'2018','23.99',32),
(9788580577396,237,169,288,'2018','29.99',29),
(9788580577372,238,170,87,'2018','44702',9),
(9788580577341,182,171,101,'2018','44702',10),
(9788580577334,183,172,208,'2018','44693',21),
(9788580577327,184,173,416,'2018','16.99',42),
(9788580577303,185,174,287,'2018','44693',29),
(9788580577280,186,175,144,'2018','23.99',14),
(9788580577273,187,176,496,'2018','8.99',50),
(9788580577266,188,177,256,'2018','44702',26),
(9788580577269,189,178,264,'2018','23.99',26),
(9788580577242,190,179,224,'2018','48',22),
(9788580577228,191,180,192,'2018','35.84',19),
(9788580577204,192,181,256,'2018','44693',26),
(9788580577198,193,182,336,'2018','44690',34),
(9788580577174,194,183,320,'2018','22.99',32),
(9788580577167,195,184,784,'2018','44702',78),
(9788580577150,196,185,69,'2018','8.99',7),
(9788580577143,197,186,480,'2018','15.99',48),
(9788580577136,198,187,222,'2018','44699',22),
(9788580577112,199,188,256,'2018','29.99',26),
(9788580577119,200,189,1632,'2018','13.46',163),
(9788580577099,201,190,282,'2018','11.99',28),
(9788580577075,202,191,45,'2018','16.99',5),
(9788580577051,203,192,160,'2018','28.99',16),
(9788580577037,204,193,260,'2018','23.99',26),
(9788580577013,205,194,320,'2018','22.99',32),
(9788580576993,206,195,255,'2017','11.99',26),
(9788580576979,207,196,361,'2017','15.99',36),
(9788580576955,208,197,304,'2017','44690',30),
(9788580576931,209,198,304,'2017','15.99',30),
(9788580576917,210,199,240,'2017','8.99',24),
(9788580576894,211,200,320,'2017','19.99',32),
(9788580576887,212,201,464,'2017','8.99',46),
(9788580576856,213,202,648,'2017','8.99',65),
(9788580576832,214,203,320,'2017','27.99',32),
(9788580576818,215,204,448,'2014','44693',45),
(9788580576795,216,205,208,'2014','10.99',21),
(9788580576764,1,206,92,'2011','11.99',9),
(9788580576733,2,207,336,'2011','44690',34),
(9788580576726,3,208,73,'2011','6.99',7),
(9788580576719,4,209,320,'2011','44693',32),
(9788580576696,5,210,224,'2011','20.99',22),
(9788580576672,6,211,800,'2011','44702',80),
(9788580576658,7,212,496,'2011','44699',50),
(9788580576641,8,213,378,'2011','7.99',38),
(9788580576634,9,214,256,'2011','6.99',26),
(9788580576627,10,215,223,'2011','27.99',22),
(9788580576597,43,216,304,'2011','6.99',30),
(9788580576580,44,217,432,'2011','44702',43),
(9788580576566,48,218,320,'2011','7.99',32),
(9788580576559,49,219,288,'2011','8.99',29),
(9788580576542,50,220,287,'2011','7.99',29);
